1000 5064
60 65 111 117 251 317 341 359 414 470 481 568 581 760 846 875
111 263 454 633 760 857 977
4 148 157 305 493 617 723 772 872 924
3 155 221 264 327 450 456 529 584 656
24 280 360 417 612 655 703 790 968
81 300 438 537 769 938
37 76 79 188 411 490 835 997
32 348 394 396 468 495 571 620 736 812
33 43 92 193 275 372 465 546 668 672 932 983
130 155 217 309 434 487 548 682 705 755 883
21 108 119 145 149 181 197 237 250 263 487 502 544 576 683 782
15 171 434 463 475 539 566 590 718 797 973
69 269 272 331 343 658 890
25 70 107 109 163 222 615 716 755 756 815 868 882
12 54 161 202 352 386 507 751 889 898 942 967
31 151 239 298 342 486 633 741 910 943
99 131 194 259 285 375 408 447 700 742 841
103 362 574 695 717 773 902 933 987
44 53 72 125 151 261 281 419 545 723 745 774
49 92 115 207 232 495 681 724 728 859
11 75 116 163 291 356 421 528 580 640 701 711 749 803 890
127 363 368 552 611 713 756
88 266 279 350 378 421 477 697 698 827 954
5 330 355 402 543 583 668 850 963
14 222 248 503 522 587 631 650 716
27 97 170 192 373 395 455 522 584 587 745 753 891
26 244 376 530 549 558 611 712 800 827
336 467 485 503 567 612 624 632 740 814
333 373 407 561 569 597 619 761 801
209 305 496 528 560 627 667 801 841 890
16 90 295 357 462 511 595 620 643 716
8 116 133 158 217 330 356 457 484 498 548 743
9 49 57 67 125 134 242 262 289 382 601 838 842 861 977
157 184 194 414 528 546 673 824 868
52 68 127 185 200 291 431 531 717 731 926 954
159 177 220 222 317 352 452 564 633 652 972
7 61 159 160 187 272 307 498 662 714 725 753 889
162 533 669 725
60 109 288 406 616 726 752 792 873 892
67 349 401 430 465 488 705 724 780 781 814 870
52 211 283 313 328 342 600 870
192 303 362 579 775 917
9 204 212 298 366 447 499 597 963
19 185 296 309 517 533 544 844 935
85 230 309 482 754 791 859 995
342 463 534 572 595 598 720 852 865
90 92 125 326 377 554 587 847 911
147 226 332 380 460 663 724 952
20 33 133 319 350 374 377 513 751 763 803 820 985
177 183 359 361 409 424 432 573 634 866 903
162 209 236 359 367 406 409 607 627 784 910 937
35 41 135 180 242 312 344 365 556 639 926 941
19 62 161 656 674 689 923 956
15 121 365 507 560 564 567 578 700 772 901 935 953
463 579 651 760 789 846 940
141 405 456 514 606 862
33 563 603 783 806 876 964
162 222 266 310 326 530 666 675 716 887
123 217 234 267 355 537 613 623 720
1 39 147 295 411 546 607 652 733 753 899 908 969 999
37 147 174 200 264 323 332 339 585 729
53 194 401 490 513 696 737 752 768 771 792 893 899 916 990
230 231 289 354 381 465 468 714 720 817 850 890 936
140 188 236 258 402 511 584 731 779 862 887 908
1 202 214 220 234 247 279 315 823
191 274 278 459 491 693 730 814 969
33 40 163 189 260 519 623 684 728 891
35 91 122 146 442 610 998
13 98 139 507 549 674 715
14 265 425 454 641 685 877 910
170 515 521 607 739 789 888 910 952
19 163 429 763 812 923 942
74 279 364 501 506 517 680 749 835 903
73 99 118 162 278 312 419 493 593 635 992
21 179 296 317 391 719 875
7 109 272 357 432 439 441 670 876 991
157 176 188 398 417 498 510 592 606 676 929 965
122 166 236 265 338 474 798 801 872 967
7 131 260 323 422 434 464 545 552 735 965
227 247 276 395 446 469 583 921 922
6 137 149 245 251 645 931
147 311 393 464 636 840 994
110 266 493 528 657 727 776 911
157 254 336 495 538 731 800 880 948 963
45 379 604 645 677 694 744
90 121 145 424 685 787 798 809 997
203 209 388 394 509 727 862 996
23 121 141 185 317 325 606 700 703 784 825 907 928 947 984
142 163 217 384 432 677 742 789 840 865 930
31 47 86 131 178 325 334 340 515 547 592 885
68 191 362 392 441 563 604 685 698 747 816 818 874 921 978
9 20 47 217 310 504 566 698 834
109 248 289 439 560 730 983
237 423 525 771 775 823 889 929
184 209 222 240 257 264 265 322 454 530 650 713 736 839
174 178 321 396 399 426 464 488 557 714
26 187 214 258 260 266 417 568 583 864 872 900 913 942 951
69 244 452 470 598 615 681 791 797 839 988
17 74 158 202 337 670 939 951
418 481 485 590 701 743 773 862 920 924
133 233 306 429 541 634 708 920 985 997
106 171 173 457 480 496 557 676 803 904
18 396 522 536 623 683 764 784 986
311 383 835 840
219 261 319 435 438 491 505 508 527 742 861
102 109 170 335 347 352 454 524 619 750 808 883 955
14 129 278 523
11 147 164 217 278 294 392 540 609 763 889 942 949 987
14 39 76 93 106 255 441 616 760 801 981
83 139 242 326 346 348 484 588 602 671 826 910
1 2 153 328 516 561 588 604 633 834
248 361 422 573 676 746 861
163 225 311 488 792 904
170 231 276 287 294 328 333 346 364 388 426 637 646 793
20 249 280 304 439 555 568 622 624 751 780
21 32 151 340 488 515 541 569 670 774 998
1 197 328 473 751 756 785 827 849 851
74 336 353 434 566 669 800 802 960
11 253 370 398 595 602 724 759
123 126 136 249 282 442 639 702 813
54 86 88 214 290 294 300 370 512 593 621 629 658 659 764 780 790 795 799 819 848 966
68 78 264 280 386 398 439 630 707 818 847
59 120 388 414 425 509 629 762 818 864 866 868 928 976
220 258 354 412 464 508 645 730 817 912 922 942
19 33 47 274 279 392 507 892 940 961 983
120 244 437 441 521 748 776 779 863
22 35 189 238 429 600 753 827 852 859 886 982 996
383 537 739 991
107 228 240 275 479 564 593 626 778 927 982
10 223 315 320 421 584 630
17 79 90 251 398 455 496 548 577 587 748 758 765 946 963
387 749 793 876
32 49 101 138 149 161 223 256 284 300 327 437 544 612 655 870 899 969
33 340 363 379 437 460 503 522 598 683 985
52 212 282 404 473 631 637 642 733
120 165 185 242 305 458 830
81 288 491 602 751 754 836 844 864 910
133 186 206 319 336 402 453 497 548 616 625 639 710 717 789 821 901 997
69 110 142 272 323 416 469 658 677 699 861 906 997
64 369 372 586 588 592 679 700 849 864 944
56 88 272 458 504
89 139 176 445 749 775 779 886 896
202 296 433 507 664 710 736 829 917 992
258 358 502 663 673 767 856 871 902 926
11 86 188 541 618 657 899 932 952
68 191 552 697 901 934
48 60 61 82 108 247 283 296 377 773 774 786
3 161 179 523 575 636 683
11 81 133 171 246 328 356 385 467 547 712 749 761
286 514 586 657 861 912
16 19 116 247 285 421 475 655 848 857
167 228 354 453 454 486 523 678 844 860
111 454 520 619 693 739 891 969
470 520 559 607 760 797 802 866 906
4 10 169 217 255 294 341 464 671 772 861
198 213 231 565 645 760
3 34 77 84 161 572 632 728 892
32 99 247 262 374 450 773 873 932
36 37 171 360 479 481 498 655 869 881 916
37 198 270 418 542 683 750 842 931
15 53 133 148 157 230 288 302 479 505 714 944 961
38 51 58 74 221 280 292 390 420 617 779 845
14 21 67 72 89 113 180 198 375 404 447 575 786 938 987
108 167 246 384 669 676 761 934
136 188 242 452 545 574 677 780 848 915 919
78 432 474 666 854 894 959
152 164 262 393 476 479 532 600 792 823 847 889 949
305 347 438 491 508 606 618 678 761 809 831 858 860 973
155 330 346 547 643 707 912
26 71 106 114 285 394 547 579 606 668 713 816 945 986
12 102 149 159 235 270 535 674 726
385 439 463 573 733 839 950 951
102 297 333 419 512 610 667 851 927
61 96 562 755 789
212 252 301 435 533 586 631 895 898
77 142 342 447 755 797 799 877
36 50 224 277 432 518 651 924 944 965
90 96 367 774 878 898 914
75 148 199 214 390 455 465 612 665 746 944
52 163 229 233 341 360 477 577 583
11 300 433 563 597 611
193 708 728 787 835 902 914 955
50 287 350 362 573 628 722
34 95 211 260 342 482 486 570 572 627 719 905 993
35 44 88 136 204 254 290 368 503 851 871 885 901 944 951
138 466 555 625 628 693 707 715 797 824 846 933 942
37 97 283 856 887 911 934
7 64 77 145 165 330 471 532 764 836 856 874 903
67 127 246 447 493 535 607 754 834 929 952 1000
479 484 499 518 661 722 921
66 91 146 243 360 400 688 695 907 913
26 42 263 271 324 649 684 937
9 182 236 337 405 446 448 556 582 619 807 836 862 908 991
17 34 62 203 285 296 327 363 645 767 930 951
299 304 595 636 835
434 446 614 646 702 856 877 927 963 991
11 117 233 248 282 553 671 674 675 718 811 937
156 160 163 301 441 445 551 731 816 840
179 263 299 303 376 433 462 512 520 688 761 798 845 929
35 61 214 459 497 846
234 343 389 486 610 696 720 799 851 943
15 65 99 143 237 799 933 993
87 194 418 508 509 543 677 682 713 736 737 795 900 961
43 185 311 318 383 459 482 485 536 541 558 855 940
326 616 722 741 847 940
138 222 224 289 442 506 575 646 657 780 984
20 453 481 511 546 845 882 907 920 959
295 308 340 374 409 609 706 819 917 934 935
30 51 87 95 441 483 611 816 863 871
393 407 552 648 669 743 782 786 898
41 184 346 360 636 670 839 935 992
43 135 175 260 533 551 556 579 676 718 727 787 796 926
156 344 367 664 891 900 988
65 97 121 179 200 444 486 635 902
274 312 317 842 869
590 617 884 969
10 32 59 89 92 108 155 229 342 445 557 659 740 969
240 277 303 366 546 567 625
105 331 400 471 491 532 628 742 965
36 65 124 229 327 342 614 668 764 907
4 162 392 494 555 623 686 751 767 781 936
14 25 36 58 95 206 528 554 570 616 798 970 978
130 133 238 259 289 411 414 448 476 496 768 935
177 206 259 268 294 347 420 437 494 561 743 794 845 930 961 985
113 234 258 292 319 447 492 515 547 690 825 986
48 247 282 295 438
80 262 293 317 349 398 545 850 857 867 870 920 932
129 152 317 482 731 743 826 914
180 217 220 247 873 943 990
45 63 161 271 284 418 755 788 881 933 988
63 114 156 440 466 533 603 612 742 772 822
20 328 345 444 544 609 627 647 653 766 824 898
101 180 197 243 402 467 471 578 607 704 962 993
59 65 201 225 267 324 366 369 395 443 489 678 772
171 259 271 365 643 677 942 980
51 64 78 193 240 252 327 389 460 537 717 849 953
11 94 202 240 491 617 671 711 760 816 848 966 989
127 223 275 290 360 384 558 648 822 881 927 940 950
16 242 295 338 360 405 534 618 648 821 843 879
95 129 218 236 237 294 322 422 505 594 605 607 624 646 895 923
287 424 442 461 467 542 613 751 823 962
33 52 110 136 165 239 307 316 344 345 361 501 507 1000
191 233 246 259 339 358 400 578 628 651 964 975
27 98 126 265 322 381 394 519 542 600 609 747 862
81 290 311 672 677 728
149 164 189 243 249 338 426 659 702 755 856 878 905
65 80 147 151 158 226 229 286 475 489 531 581 603 652 805 933
25 93 112 197 260 305 358 359 635 717 780 853 875 899 936
115 120 246 287 335 454 457 541 699 860
11 272 305 381 507 559 676 745 814
1 81 131 272 286 380 424 449 490 739 823 848 856 882
175 236 257 289 387 452 538 552 556 588 617 874 979
119 298 673 846 981
84 185 285 344 578 692
109 155 370 374 505 727 855
133 317 369 438 521 601 649 670 690 779 951 955
95 252 328 338 422 441 543 714 737 783 789 969
64 97 124 144 225 339 483 580 630 682 704 737 759 826 830 876 961
17 223 224 235 243 399 408 473 533 641 682 774 834 933 976
67 79 97 184 212 248 291 294 314 357 506 543 555 603 636 741 971
19 105 453 536 567 589 664
33 158 167 227 321 441 589 641 652 741 748 770 868
2 11 192 199 274 296 319 617 854 867
4 61 95 122 303 309 424 627 679 832 887
70 78 95 244 582 621 625 632 665 720 796 903 957
23 58 83 97 300 381 388 476 529 544 605 759 776 885 996
59 234 355 507 637 751 759 792 821 841
224 384 460 501 598 722 750 753 777 845 927 939 984
13 800 844 968
160 171 470 606 753 781 871 973 991
192 230 235 277 288 457 492 533 644
13 37 76 139 141 250 251 360 414 422 497 602 713 915 922
299 354 404 476 547 772 942
66 125 215 263 336 436 673 760 890 900 949
9 129 238 434 471 477 633 644 703 765 803
80 114 353 458 478 545 567 817
177 218 271 346 714 742 822 841
66 74 107 108 597 630 646 683 726 853 969
23 65 73 125 297 446 447 568 572 608 633 666 699 948
5 115 122 162 299 363 460 503 510 516 520 593 646 700 719 871 998
19 316 355 490 563 602 625 716 744 791 957 975 998
120 135 197 226 452 511 650 940
41 147 187 292 299 359 610 625 651 652 774 803 846 994
133 230 305 396 562 655 731
17 151 170 194 254 539 564 674 762 918
150 247 251 293 354 625 730 755 969
114 183 241 249 439 491 647 733 919
39 137 161 271 312 338 351 487 532 547 552 566 703 734 752 758 837
33 63 93 206 223 252 382 383 560 609 808 936 940 941
121 185 238 245 316 625 749 880 885 902
21 35 260 393 680 691 695 733 834
162 225 283 329 336 440 484 519 626 825
227 286 389 406 484 545 642 776 789 869
108 114 121 155 224 240 260 311 313 401 566 792 846 858
31 60 208 226 239 346 401 442 529 607 646 754 762 959
44 75 143 147 194 263 309 398 694 710 780 843 931
173 279 377 440 637 773 949 959 996
16 43 253 427 477 708 793 889 958
195 199 273 280 283 454 483 506 530 580 646 794 846
6 121 133 181 266 314 535 661
175 198 355 481 602 691 842 850 968
161 397 420 499 746 780 983
42 199 218 264 394 406 601 671 729 811 846 871 873 932 985
115 195 314 432 630 792 827 892 910 964 982
3 30 136 168 248 250 284 473 478 523 868 973
101 773 937 950 975
37 242 394 504 563 650 755 774 922
208 392 584 715 849
10 44 45 264 296 446 615 735 872 882 897
58 92 377 490 491 614 654 709 788 820 897 998
82 104 113 204 245 294 342 633 675 722 737 764 774 788 860
52 74 215 288 317 333 378 701 805 862
41 294 328 474 477 516 519 557 659 901 974
260 300 304 342 344 738 895 949
65 130 452 494 907 952
242 281 290 354 375 433 440 612 649 728 759 768 783 802 926 951 964 986
1 36 75 88 215 227 228 256 312 459 707 742 779 821 957
204 322 361 387 399 472 574 772 827 969
49 105 138 225 263 392 612 687 976 982
130 331 370 395 460 639 668 703 873 955
96 262 332 333 350 512 520 568 754 900 947 956
95 240 244 318 341 343 520 560 621 646 770 802 803 982
61 79 139 399 514 595 653 735 737 933 942
192 234 346 359 402 472 550 742 830 881
88 90 514 647 729 808 929
47 58 110 205 453 469 486 772
4 133 194 220 236 525 581 879 880
41 111 114 117 149 232 257 313 554 582 610 621 687 734 736 946
292 390 414 573 577 581 588 651 796
24 32 169 188 496 717 725 861
13 219 320 334 360 480 555 570 579 633 637 644 707 894
48 61 321 444 489 556 677 941
29 114 173 312 321 600 647 668 678 778 879
90 331 399 416 465 599 655 698 716 719 835 912
106 249 452 510 529 544 559 606 684 693 803
28 84 118 138 274 292 453 466 594 762 772 776
99 193 478 659 668 730 847 926
78 239 246 257 288 574 606 638 669 826 884 948
61 243 258 417 582 627 927 954 962
90 116 134 208 431 589 607 626 686 898 926 949
1 155 180 322 399 404 667 874 884 951
16 41 46 176 184 217 220 311 314 472 540 635 649 725 842 960
13 201 322 352 399 485 587 665
52 213 242 254 314 376 536 639 643 807 956
232 242 458 625 735 760 884
110 114 169 211 277 295 324 351 417 565 697 716 728 882
106 168 224 357 732 747 997
8 110 440 604 651 893 965
40 227 357 394 496 896
23 49 183 321 462 509 552 613 638 670 699 736 739 895 926 950 973
288 346 415 648 673 677 872 917 918
15 36 106 343 357 358 424 488 631 777 896 924 945
118 276 396 455 639 965
63 124 152 273 286 316 367 488 497 590 793 802
24 59 267 281 301 377 582 625 825
21 32 149 592
31 76 260 347 349 352 409 414 508 660 912
144 243 248 352 508 626 649 663 702 851
1 50 51 248 283 324 467 562 566 845 937 979
5 159 180 191 211 238 239 272 331 396 570 830 852
50 112 242 318 364 428 488 727 913 914 995
18 42 91 183 449 617 728 794 802
22 134 194 280 517 699 735 841
73 114 361 401 589 711 765 868 936 950
52 54 235 429 435 454 461 866
43 218 234 372 443 491
51 178 213 354 485 661 952
22 185 471 720 723 730 975 977
140 234 256 525 544 862 943 972 979
119 121 255 320 377 454 489 505 571 620 772 886
456 552 585 867 928
9 140 366 644 710 749 813 882 948
26 29 533 697 868 974
49 158 208 255 445 459 498 537 652 695 1000
17 163 316 402 507 731 839 918 940
27 199 344 381 432 625 678 688 698 714 785 859 874 950
47 49 147 297 310 355 370 479 621
23 312 421 575 633 733 808 870 935 999
85 134 440 699 887 932 985
48 251 400 533 535 637 646 782 943 949
63 244 250 266 376 388 407 620 978
33 289 510 586 705 729 802 846 856 864 883 970 992 998
104 128 204 289 418 421 483 568 959 965
89 164 238 268 399 632 654 879 889
149 172 401 746 748 880 972 974
15 122 389 391 620 674 770 930
132 252 318 422 671 746 800 868 924 983
87 114 123 266 381 394 419 483 486 520 556 593 763 834 909 949
201 236 293 386 547 558 590 654 723 774 925 942
162 179 329 487 598 881
75 386 651 657 677 708 732 742 814 838 923
91 108 125 221 308 319 411 639 726 799 846
82 167 210 291 418 528 584 737 744 775 896 934
8 87 170 244 303 307 349 388 415 663 666 722 769 813 841 842 945 947 957
26 80 234 320 444 487 540 772 817 922
8 96 103 284 353 360 413 531 574 843 866 870 902 917 943 962
302 433 461 488 631 777 786 808 832 864 912 944 966
77 119 122 131 227 296 539 649 686 691 693 789 847 894 966
96 259 318 323 334 341 343 384 569 597 600 624 676 735 839 904 977
191 219 243 380 438 811 960
40 62 294 295 364 385 460 541 564 625 629 639 702 811 822 824 871 885
24 64 138 233 324 375 613 677 863
496 784 864 944
135 163 273 341 467 539 568 792 820 905
56 193 239 527 635 757 915 955 976
39 51 293 303 450 454 510 585 588 693 729 840 971
29 210 381 416 502 568 661 833 978
17 259 426 434 506 666 725 726 809
50 51 208 357 457 610 641 665
411 559 629 943 945
7 60 223 392 410 418 689 726 767 813 950
124 547 943 951
396 518 564 886 932 946
1 34 123 223 272 329 357 557 572 605 663 707 775 863
351 394 483 677 797 822 835
139 334 407 440 714 770 777 791 881 888
5 77 97 339 346 545 671 757 775 889 926 947
100 160 203 230 383 393 411 469 560 792 850
19 74 173 388 645 836 918 952 992
162 224 302 444 578 596 717 768 788 865 937 947
21 23 130 151 378 383 505 586 616 681 702 838
79 112 240 257 272 387 534 584 651 793 833
94 704 874
50 86 241 251 264 352 554 577 905 971
70 123 635 721
96 114 246 408 428 762 777 846 872 882
298 477 942 961
361 426 459 481 671 730 827 832 878 885 924 969 994 999
72 101 127 365 595 726 762 802 806 833 853 875 920 949 960
40 479 743 850 877
35 340 477 567 730 745 782
50 76 89 166 177 304 376 643 822 915 956
143 181 199 316 397 441 549 651 752 870 961
10 12 79 118 196 275 408 452 669 705 892 903
105 175 365 573 575 626 779 791 976
274 487 582 633 849 860 996 998
126 133 134 224 575 655 682 718 817 911 946
6 105 168 226 256 400 673 683 787 803 853
76 93 115 122 172 287 497 653 801
231 292 297 316 348 379 416 446 491 586 721 752 762 927
76 91 109 126 198 209 257 262 433 772 842 983
68 120 206 241 295 596 598 826
234 366 577 578 589 596 610 787
214 232 332 395 420 615 708 959 965
142 198 217 374 519 691 740 883 942
80 193 196 279 309 440 532 544 575 599 617 794 801 915 993
17 43 163 176 189 225 279 486 506 547 786 949
193 223 588 614 966
251 362 588 621 917
4 158 406 482 539 597 727 887
506 663 780
36 98 165 252 282 315 335 434 473 540 555 625 800
138 152 207 261 326 336 627 726 824 990
2 70 95 106 152 153 249 299 365 370 406 561 674 783
26 131 179 353 711 781 945 960
4 56 371 505 531 535 662 728 925 936 966 977
32 102 249 271 409 594 598 608 877 908 932 977
136 141 276 345 528 687 887 922 948
66 200 204 317 374 428 460 575 680 728 737 774 817 860
48 134 236 268 280 320 401 459 497 523 541 598 640 666 884 992
241 365 397 644 794 827
31 199 350 556 576 680 810 835
12 46 55 172 667 786
79 82 96 124 155 474 497 525 623 658 700 805 919 930 977
9 40 63 179 334 715 749 792
186 231 336 530 669 695 795 853 891
28 149 233 241 359 404 790 828 877 966 974
8 63 496 698 737 756 803
80 139 326 418 517 765 899 929 944
1 98 154 270 552 595 655 784
188 219 233 275 368 486 494 496 501 569 586 722 810 821 888 903 921 938
318 324 342 476 649 664 820 876 954
117 135 259 305 452 749 825 833 879 881 883 905
78 166 313 464 481 561 573 792 845 849 871 923 935
12 151 247 479 652 683 710 744 836 890
167 223 266 273 472 540 598 747 764 903
23 180 275 298 313 427 431 638
276 305 337 553
129 159 161 167 190 377 430 475 515 579 677 801 822 986
102 331 646 686 690 807 843 932 968
1 100 159 207 301 428 474 543 723 885 906 948 958
45 184 204 228 450 558 565 606 757 974 990
209 258 299 383 388 415 589 693 707 768 795
32 110 190 292 293 491 741 778 948 994
28 100 204 343 367 579 641 662 748 845 895
16 152 184 201 214 326 388 447 471 553 593 682 738 850 982
10 11 288 390 395 436 662 748 857 887 920
40 96 113 116 352 354 361 397 781 823 840 922
234 247 332 370 510 542 623 877
7 62 251 281 310 502 618 622 623 687 776
66 105 137 168 219 237 287 310 366 440 484 493 523 533 659 939
225 271 497 501 529 572 575 591 668 768
3 74 83 189 491 539 729 898 911
221 224 315 471 556 594 760 846
8 20 84 683 808 893
30 102 131 223 330 349 403 468 471 537 602 622 691 696 850 977
138 200 272 354 439 460 464 492 599 763 788 869 954
32 37 77 159 374 580 657 757 864 898 940
43 190 302 545 660 731 934
544 635 907 985
73 242 268 471 492 747 991
11 144 407 490 547 941 996
25 28 134 185 280 531 644 677 728 851 861 888 941 994
92 141 307 592 754 792 794 825
105 161 240 255 370 421 456 519 640 795 953 970
73 206 260 299 408 447 451 551 864 923 945 975
15 54 69 125 143 242 250 267 375 635 649 769
105 124 168 203 357 358 550 607 691 703 830
87 123 203 350 703 944 955 993
77 280 335 382 406 489 530 611 647 738 938 970
31 64 207 282 679 887 910
121 173 199 321 606 762 887
49 62 571 606 620 639 676 790 830
56 150 323 325 569 614 685 865 960 989
71 90 116 225 479 600 860 911 996
111 280 313 585 587 941
44 73 363 469 784 788 818 846 878 895 972
177 190 413 689 692 875 900 903 923
67 244 292 313 445 505 524 576 683 753 807 914 939 962
153 154 199 280 321 322 388 554 625 628 741 860 941
71 126 256 534 735 788
25 26 103 134 528 592 715 918 998
107 148 152 305 460 491 539 835 848 877
106 519 916 948
94 327 369 464 560 678 690 740
761 872 972
105 405 563 848 925 998
21 30 34 83 222 393 458 522 687 688 720 856 879 901
4 266 295 335 492 531 540 598 616 809 921 993
27 58 95 299 466 510 649 652
35 247 396 456 503 529 628
167 188 219 288 446 670 675 955
38 44 175 212 231 259 271 373 380 491 549 958
46 239 422 521 618 659 702 988
171 189 300 380 456 594 746 766
103 204 261 344 712 749 874 951
6 59 128 236 374 496 908 948
84 252 542 707 713 952
12 285 398 404 450 493 523 617 753 776 781 803 842 883 927
108 342 395 452 476 529 591 775 853 876
101 116 145 204 249 401 460 555 563 774 788 839 914
160 241 244 489 538 674 915
24 203 257 260 481 576 636 638 765 852 947
11 44 133 232 266 335 369 446 500 792 820 835
19 79 165 227 276 293 417 499 830 839 886 908
9 34 60 207 218 671 699 767 823
90 149 169 170 225 273 288 389 412 447 502 577 672 716 800
10 32 131 138 622 697 794 971
27 69 433 533 651 752 756 834 995
324 508 633 699 721 765 788 884 913
198 212 506 605 640 828 871 935
22 79 146 210 252 288 350 371 470 723 756 836 857 907 986
197 478 486 652 764 792 904 934 975 992
47 222 328 424 520 645 715 749 787 934 945 981
115 186 221 260 331 452 541 625 678 774 793 881 911 998
52 193 212 252 332 388 462 494 563 614 625 864 873 909 917
96 102 217 313 414 600 640 649 686 720 729 895
27 204 238 389 482 622 629 668 686 978
154 250 335 410 603 620 841 962
30 54 93 289 322 418 525 600 632 838
29 111 224 454 474 725 728 842 890
174 284 359 610 633 642 795 878 896
57 91 181 281 307 527 541 556 931 938 943 980
36 54 129 285 401 413 691 794 799 902 950 963 982
156 346 482 614 616 851 864
12 92 118 288 294 359 571 780 797 826 964 993
28 54 218 261 276 431 575 586 828 937
1 97 115 279 321 383 404 407 595 641 735 778 798
29 116 399 471 514 700 768 848 915 946 950 968 970
184 222 331 360 572 584 773 873
8 370 513 566 635 821 858 902 933 987
46 157 184 279 414 492 570 631 704
50 112 172 183 329 435 474 742 810 951
18 165 318 338 396 704 886
148 163 206 378 435 437 446 459 492 567 646 681 821 840
11 462 519 543 616 643 658 746 945
131 180 329 424 443 547 610 729 817
54 233 243 254 420 443 618 631 635 782 794 897
42 55 170 212 331 479 485 585 655 815 985 989
21 258 299 498 972
1 247 327 329 714 789
193 265 328 339 355 436 662 859 977
24 80 97 180 657 678 950 977
4 26 64 130 308 393 422 570 646 725
61 371 406 516 579 625 768
140 150 175 382 421 440 471 567 734 847 976
25 26 47 131 343 516 719 823 902 922
110 111 140 252 329 406 448 449 718 795 839 853 910
261 262 340 364 443 483 664 830 930 946
12 100 216 354 389 633 660 786
492 540 595 641 652 654 691 699 890 999
77 90 140 356 504 522 643 658 720 913 974 981 994 1000
74 121 129 280 388 486 649 696 811 897
240 336 457 494 535 628 663 695 802 830 891
31 46 119 195 323 429 470 568 591 667 723 725 927 977
420 442 443 731
29 43 181 278 399 450 669 769 851 876 989
46 98 134 268 390 442 457 460 476 529 972
334 446 497 791 958
41 127 167 244 333 399 515 557 560
33 256 303 690 696 733 740 780 885 925 957
110 119 137 272 281 301 496 669
57 231 247 260 559 624 755 759 799 876 981
85 91 111 348 694 751 795 878 966
240 266 414 551 690
56 77 88 168 170 270 335 338 482 512 513 840 967
51 60 71 154 189 233 240 295 340 508 660 966 995 996
279 457 821 828 969 988
108 208 232 244 289 845 981
68 173 201 283 328 409 443 562 577 620 625 684 719 829
22 27 181 209 510 816 841 846 926 998
5 28 133 179 231 316 319 628 715 736 829 933
59 241 350 402 661 685 744 745 958
196 220 310 448 514 556 565 663 670 926
14 98 309 444 796
39 109 138 205 222 421 529 565 576 737 924 961
3 162 216 237 252 263 362 446 539 700 741
145 168 239 490 534 578 651 702 853
29 106 153 193 689 749 793 838 871 933
8 31 370 381 386 513 559 610 733 866 988
121 265 322 328 377 449 700 974
115 490 496 548 558 656 747 899 928
59 67 103 221 464 489 490 634 804
28 115 240 399 603
138 186 218 265 281 283 286 290 345 355 376 401 452 520 555 556 585 610 768 819 851 959
129 292 340 358 435 649 660 666 701 729 821 908 922
30 51 184 232 264 339 453 735 830 863 877
183 186 219 243 520 531 594 612 635 888
121 123 401 410 558 665 735 767 904
122 130 258 278 304 632 674 957 961
25 135 175 352 397 572 578
28 157 265 384 560 630 641 898
2 16 36 111 275 279 311 331 378 436 550 562 590 637 644 647 790 820 859 886
50 101 623 769 935 972
74 214 248 342 405 425 500 507 571 578 628 648 883 892 970
82 148 195 211 260 543 682 725 730 753 799
114 135 267 297 331 380 633 782 861 958
338 350 477 543 795 947 996
52 120 138 320 344 353 392 401 513 816 836 850 870
21 460 505 551 557 642 707 737 770 797 908
70 259 262 409 485 568 591 632 979
135 293 562 640 699 759 854 899 904
31 169 235 344 432 576 592 724 828
271 275 331 372 461 503 633 856 956
81 85 124 156 194 419 554 702 889 917 942
114 196 206 240 278 280 295 299 322 380 480 575 584 765 890
232 287 325 333 510 633 687 806
210 238 239 351 635 755 864 970 985
192 256 316 342 358 398 472 507 530 557 593 626 929 955 990
25 95 282 307 726 728 811 979
55 177 243 283 329 348 391 422 433 549 618 657 810 871
36 60 247 262 283 374 475 530 553 591 705
232 323 439 785
310 384 389 591 716 762 785 985 987
5 133 151 159 284 334 437 470 579 678 843 903 952 955 956
4 53 622 659 747 791 898 903
83 145 150 206 391 498 583 651 659 804
13 121 139 464 576 592 679
121 217 246 313 337 491 534 656 657 701 718 754
357 499 590 607 626 685 721 775
190 300 367 407 613 669 936 966 997
37 456 485 487 582 826 853 874 911
48 144 358 394 414 451 594 614 696 730 761 774 803 872 897
143 213 261 472 589 830 923 929 964 980 992
179 265 343 409 629 773 864 936
58 166 279 394 408 460 626 727
30 173 341 463 595 692 726 812 884 906
9 24 170 220 320 333 337 492 558 728
38 118 164 210 338 434 466 597 602 661 765 902
76 99 116 211 256 350 532 614 745 858 878 944 982
110 155 197 237 303 387 417 428 546
9 245 547 736 780 830 844
34 144 253 274 351 438 742 835 875 895
53 69 171 197 285 386 454 542 630 879
58 197 311 532 770 787 817 839 935 988
77 102 112 164 212 250 399 513 786 903 904 941
85 89 139 165 203 235 245 332 351 391 402 415 479 503 678 742 744 761 816 853 876 909 952
152 168 234 333 376 525 555 583 655 677 698 887 926 985 988
140 264 511 658 686 688 727 751 858 894 930 939
73 291 459 462 742 846 954
20 98 421 575 836
10 203 258 259 437 486 636 734 746 796 903
11 103 134 148 160 278 438 475 495 519 951
67 192 335 610 701 816 964
70 86 91 514 613 660 746 826 871 955
221 340 398 480 557 558 679 688 831 833 940
319 328 458 490 528 647 787 813 847 872
191 199 376 528 679 686 805 830
53 411 518 619 691 740 778
225 256 480 525 601 605 886 947
291 301 398 445 496 508 564 591 689
254 518 667 694 849 963
66 153 186 335 398 406 483 757 863 957
85 296 604 692 725 787 907
18 191 291 374 466 594 743 818 884 936 958
62 201 496 593 601 663 701 732 742 797 806 827
23 146 346 373 548 919 963
23 91 92 334 376 468 678 762 797 810 844 909 947
139 249 279 350 363 379 546 550 591 642 717 799 845 856 866
17 54 88 140 280 464 569 617 621 974
21 100 312 626 659 684 696 953
120 196 246 358 401 421 534 618 645 848 923
5 88 275 288 320 508 509 782 808 850 962 999
233 258 423 572 574 771 798
10 40 382 434 652 884 924
208 807 863 866 906 957
122 169 186 317 331 414 483 538 640 761
101 182 298 391 444 781 784 816
310 935
138 143 296 372 475 741 753 791 873 895 987
21 237 364 455 836 879 914 925 956 980
27 149 536 840
22 95 170 203 272 538 975
37 63 96 161 257 277 376 416 581 775 806 830 878 961
69 186 308 465 522 554 612 742 829
14 25 31 58 281 334 346 547 654 774 836 885 891
18 35 138 236 248 330 420 699
12 197 212 437 588 659 729 734 792 946
75 184 280 334 587 610 891 906
46 59 63 201 265 368 528 557 592 746 872 977
425 440 550 660 738 834 839 865 889
183 190 205 268 311 394 471 858
3 19 368 389 481 552 595 735 786 831 941
20 40 48 119 643 807 842
37 38 330 342 408 561 584 595 636 694 729 869 872 897
39 171 278 392 408 411 429 453 650 667 820 833 917 979
83 87 212 255 361 450 666 679 753
20 67 157 182 245 316 346 362 456 459 503 561 650 668 753 781 803 833 847
61 303 325 382 406 493 557 577 626 718 725 740 773 905
66 93 124 286 337 368 428 431 636 663 929 970
35 64 84 198 228 284 375 499 596 917
347 391 696 836 866 949 953
60 135 172 287 291 378 601 620 742 900 910 911 944 973
288 328 586 682 718 771 857 903 957 984 988
79 309 323 345 363 399 521 568 627 629 723 831 985
8 95 143 203 328 350 612 672 768
62 203 257 258 311 323 393 459 468 616 640 742 788 831 932 961
314 486 510 721 762 776 815 923
71 128 153 251 350 794 846 952
28 217 445 525 601 689 729 754 799 990
16 205 260 262 484 520 617 710 758 775 975
17 89 105 219 231 277 317 324 391 573 673 677 680 696 715 733 737 766 940
32 100 210 224 228 430 695 745 865 868 904 990
85 281 393 475 613 677 792 802 867
19 26 250 431 613 670 743 783
112 179 302 385 387 535 576 682 685 720 778 856 916 984
91 244 347 476 501 622 656 760 850 923
126 131 262 385 485 487 782 829 844 864 917 922 957
21 73 132 142 149 290 372 465 473 536 554 619 750 762 948
106 160 268 749
15 49 115 117 137 221 241 267 604 679 760
39 62 288 433 440 549 950
26 37 60 127 268 270 519 539 636 710 727 728 884 976
45 137 189 295 321 504 659 740 856 900
10 14 174 176 230 246 286 307 603 648 763 788 989 993
14 22 117 468 549 552 939 996
405 417 482 498 693 804 851
131 288 741 832 911
119 258 266 267 316 603 642 777 818 861 880
1 2 55 109 154 156 237 274 345 494 747 751 821 833 922
29 149 164 168 199 526 663 677 707 770 819 847 994
123 285 295 336 426 429 440 512 654 698 738 749 824 971
49 72 108 388 497 755 968 974 997
103 121 188 220 311 476 553 994
131 275 364 469 543 550 646 669 825 858 956
232 535 742 781 844 998
144 194 221 411 546 629 960
62 223 316 420 483 492 569 585 625 736 857
6 394 507 597 634 846 900
262 322 386 416 640 675 761 871
62 94 704 734 991
3 54 155 231 234 273 318 326 336 370 395 441
18 100 147 158 297 306 570 665 729 940 945
19 116 147 178 259 283 307 311 389 459 541 555 663 716 845 890
42 94 142 393 414 417 540 660 714 741 824 904 976
83 126 266 293 336 490 539 738 846
268 352 397 416 426 759 811 864
129 333 484 568 689 746 813 896
64 126 142 162 256 317 435 937 950 970
40 115 121 165 206 248 296 302 451 566 601 672 810 889
40 221 270 455 488 539 708 728 766 977 984
11 210 380 431 578 637 703 748 834 980
57 257 316 454 745 814 836
51 88 103 403 470 517 708 864 898 911 946 999
117 376 653 654 871
147 163 210 397 447 463 590 676 723 827 893
86 182 212 438 443 554 675 687 694 861
230 310 311 420 497 517 521 541 550 737 755 917
55 71 89 138 174 257 293 398 581 936
5 121 467 513 633
45 98 281 416 435 599 656 710 811 933 995
39 62 113 167 267 294 304 404 418 465 474 504 544 553 718 744 886
114 132 298 354 422 555 619 841 870 918
224 299 362 446 461 504 548 564 578 739 885 896 998
121 203 466 483 505 562 588 604 638 892
212 265 329 615 682 863 995
12 98 154 176 186 415 566 640 696 698 847
78 86 199 222 568 704 801 826 940
121 176 201 202 392 564 603 636 699 740 836 844 862
27 84 118 269 387 452 547 851 915 986
29 30 78 109 439 446 479 798 933 973
118 154 316 322 354 362 382 429 594 744 825 970
21 49 102 275 283 322 335 438 468 539 663 728 815 935 971
623 657 757 860 889 916 950
247 312 464 688 893 945 957
57 429 647 696 714
193 344 480 519 706 724 982 991
106 289 325 378 397 495 703 832 877 954
86 168 408 529 820 873 994
462 471 573 651 698 780
197 303 400 401 593 650 777 791 937
8 72 667 890 914 934
120 372 394 411 687 778 814 962
28 40 66 250 391 783 813 823 836 859
14 579 738 803 881
91 170 198 209 237 611 639 677 684 708 825 835 982
63 124 276 395 437 459 577 675
91 122 123 517 695 759 848
121 208 625 761
49 310 404 472 544 633 726 809 869
138 239 267 317 471 571 575 608 626 760 866 877
231 238 277 401 415 432 479 867 882
65 94 167 241 251 488 546 587 814 828 842
34 186 232 401 453 762 775
88 225 292 355 473 504 765 802 816 841 936
110 228 258 338 442 566 662 685 798
23 27 117 127 304 318 428 461 696 786 972
467 551 567 608 643 823 873 975
143 610 612 715 748 863 935 939
136 258 324 360 508 513 545 589 594 627 664 672 688 714 852 882
168 686 723 735 737
264 397 428 758 808 886
407 422 429 473 686 726 728 760 875 945 999
92 111 189 259 291 388 549 721 782 933 950
7 73 104 182 195 334 415 462 523 544 673 816 931
137 188 193 419 475 552 639 681 711 716 732 783 799 814 839 984
288 910 932
33 391 421 560 619 956
95 98 172 211 375 399 541 545 588 675 721 836 911 920
82 89 104 198 406 488 575 606 712 845 857 861
17 30 267 277 363 394 559 611 793 825
33 160 215 301 342 394 441 539 561 724 823 844 847 947
239 296 396 480 655
44 137 152 269 672 698 748 766 799 842 952
162 199 207 224 268 359 474 485 609 699 774 840 992
1 55 186 200 253 283 294 299 303 382 392 426 494 517 611 680 739 769 776 937
47 122 167 205 337 398 586 687 728 761 797 842 858 864 866 890 918 950 965
121 151 165 237 251 523 527 569 702 818 849 896 944 961
117 140 236 308 436 474 692 848
24 63 227 301 418 430 486 496 639 703 747 884
117 173 185 201 358 503 565 597 625 757 800 878
46 127 360 543 830 933
248 278 429 438 466 540 588 618 662 677 892 898 914 986
166 263 642 881 917
204 255
144 187 188 196 246 251 382 528 644 699 746 754
2 151 227 487 552 734 768 840 864 942
168 294 571 670 679 722 765 847
20 45 127 376 582 633 814
152 168 249 311 436 459 515 520 804 895
33 105 112 139 150 155 330 503 637 759 787 840 983
56 64 87 100 193 244 312 369 799 977
126 209 402 414 627 693 706 796 829 930 958
97 123 137 140 382 397 403 498 506 556 565 648 665 748 777 784 847 857 953 969
46 89 420 514 721 743
50 123 154 365 396 620 699 706 732 821 847
227 263 371 744 822
14 34 123 262 305 364 373 387 743 871 917 936 968
159 215 293 497 725 820 947
40 41 133 227 378 396 433 639 793 873 883 893
144 185 209 270 280 303 401 474 551 619 651 685 770 785 868
3 78 97 309 351 426 526 663 687 720 725 983
39 158 229 303 320 556 570 710 809 828 870 996
91 188 252 341 376 423 536 662 887
1 75 248 429 518 673 833
57 76 132 258 472 540 597 603 677 896
70 176 196 430 457 467 489 523 627 808 821 952
178 246 428 517 562 604 670 714 851 917
239 327 333 384 473 528 674 711 926
84 290 327 385 759 914 947
159 230 238 324 390 416 473 555 815 854 891
14 207 251 309 346 372 426 822 830 918 940
10 106 382 445 473 539 635 870
216 338 341 345 460 550 667 695 705 753 850
90 185 266 290 401 428 481 601 716 794
127 142 370 413 545 574 633 690 792 832
58 64 187 264 379 450 458 487 511 512 678 874 906 935
71 416 471 503 628
15 37 94 108 167 298 384 417 645 721 780 804
13 21 30 63 274 475 561 591 646 774 812 847 967
26 67 153 213 466 594 716 719 881
39 125 157 304 434 635 795 853 899
62 348 495 786 805 870 919 979
166 331 398 679 949
175 240 314 350 485 517 557 673 710 860
142 349 352 393 562 778 794 848 876 981
309 310 578 593 663 725
15 175 178 210 232 340 493 498 632 656 784 853
60 62 133 145 248 469 622 642 892 959
97 203 213 274 321 518 733 754 769
54 138 146 185 313 528 947
18 144 182 214 290 396 564 571 587 669 941 950 980
50 73 188 265 434 471 476 518 655 656 676 682 734 940
102 113 399 553 629 642 676 743 775
184 246 404 424 473 729 918
139 154 481 667 706 719 887
88 191 207 220 315 500 552 694
60 64 193 457 537 545 626 640 997
388 556 677 698 994
16 51 70 71 110 137 304 511 588 733 837 968
47 83 187 437 493 515 555 662 733 758 784 839 950 996
124 150 169 334 357 397
97 191 361 550 592 965
178 182 228 361 519 541 711 812 853 880
165 272 405 432 446 542 569 800
62 159 524 746 804
42 143 208 351 396 449 556 645 726 731 748 788 854 868 878 993
285 351 375 419 522 793 847 882 905 990
165 287 464 697 893 933
100 101 207 227 429 487 839 949 985
80 91 190 471 529
80 124 272 307 395 458 488 587 626 748 760 969
53 72 240 391 474 506 518 664 702 738 747
3 100 177 352 387 428 616 705
389 456 527 601 711 954
35 52 144 212 316 337 340 350 417 611 614 678 879 927
129 173 196 238 268 339 440 539 595 926 931 938 968 980
88 123 371 622 971 991
77 94 189 199 325 469 649 664 730 981 988
89 194 224 386 464 589 679 863 971
81 160 296 563 835 927
9 145 158 227 303 379 413 457 480 737 837 970
18 186 202 230 247 259 323 571 612 619 791 801 834 852 919
146 164 187 208 393 499 553 554 812
44 54 208 211 223 378 474 551 634 675 709 803 829 887
63 221 248 289 364 456 661 665 695 789 825 868 992
51 192 197 306 359 420 567 779 811 846 982
6 163 471 510 563 927
99 268 491 519 679 756 829 962 970 996
55 125 204 205 238 282 289 375 498 686 742 773 798 882 903 959
52 289 332 502 503 516 520 676 723 902 957
15 72 97 108 124 186 235 273 323 389 427 445 645 857
16 201 229 369 380 396 410 412 563
140 161 177 179 185 397 403 469 509 670 733 848
170 352 394 410 455 506 554 576 773 805 833 972
131 328 413 437 569 589 718 784
88 321 394 417 420 543 638 690 698 842 869 880 901 977 996
84 279 338 372 458 481 484 524 537 749 992
108 167 274 297 314 340 380 388 429 447 732 894 920 968 978
172 238 306 350 364 376 411 564 569 583 752 779 804 834 847 902 911
97 99 172 185 194 256 316 341 412 536 573 683 966
48 71 145 189 315 367 419 538 655 677 739 844 877
54 236 505 701 732 864 968
23 35 339 472 497 680 808 925 957 998
106 182 256 320 405 509 532 649 655 685 992
53 321 344 432 644 655 711 765 838
265 281 317 394 601 630 693 706 734 748 805 941 954 965 997
298 481 533 599 613 637 695 863
166 207 295 297 383 444 625 899 940
118 342 400 429 455 514 767
125 161 203 224 258 427 433 616 630 714 737 848
233 241 339 396 519 559 703 813 939 963
24 43 84 131 196 564 692 697 962 989
57 243 304 316 566 664 684
77 79 177 219 348 353 383 444 847 913 957
121 237 397 398 448 456 467 604 607 661 951 993
15 78 606 890
5 269 301 480 569 763 868 910 927 949 953
60 66 133 153 216 217 257 278 286 318 428 608 864 922 973
222 382 505 510 569 635 648 730 779 802 932 939 996
260 406 424 548 762 803 928 930 974 998
36 369 385 517 526 580 598 634 827 945 992
12 168 270 305 350 733 801 969
313 373 385 467 482 592 621 700 763 971
243 281 306 368 506 553 713 741 828
123 259 319 405 435 586 753 775
2 33 368 399 456 457 464 496 582 583 595 720 781 862 947
91 222 381 407 558 949
252 359 369 641 650 726 893
235 563 664 711 782 902 927
109 253 554 592 603 609 896 929
127 129 304 319 322 486 564 670 807 816 937 996
9 93 125 302 387 441 861 872
88 206 268 734 746 781 836
49 101 134 224 303 379 500 579 648 654 678 735 920
103 170 225 316 479 552 800 853
18 108 163 571 654 710 992
98 213 230 534 608 620 675 678 734 929
237 514 579 597 755 963
62 229 453 482 649 740 743 918
76 128 193 196 270 501 771 807 928
74 143 211 382 419 460 553 664 845 936 948 955 972 987
184 202 233 446 509 529 566 755 917 966
82 283 428 484 503 592 761 764 809 909
45 361 549 607 791 796
87 127 266 297 436 502 515 607 638 756 873 911 939 947 970 982
7 86 101 138 139 347 661 763 908 957
68 116 280 281 310 382 436 522 527 555 611 766 794 954 971
60 378 428 591 703 784 833
189 242 374 592
