124 1271
20 38 39 57 77 79 81 84 91 94 97 104 112
4 9 10 19 21 29 39 40 42 45 56 61 62 64 68 74 79 82 83 84 99 104 115 119 121
10 11 14 15 23 25 30 34 37 40 46 49 56 59 66 69 70 96 98 102 108 117 122
2 6 9 18 20 21 27 31 35 41 55 63 69 74 83 87 95 99 110 123
17 19 21 52 63 64 70 73 76 80 89 91 95 106 109 110 119 122 123 124
4 8 9 11 13 21 22 24 28 36 38 49 50 55 60 61 65 67 87 91 107 109 112 119 120 121 123
18 31 35 55 63 72 76 82 83 105 111 116 118 121
6 13 33 36 54 56 63 71 83 87 95 100 102 103 105 106 109 113 121 123
2 4 6 22 23 27 37 44 56 71 76 79 81 84 87 91 102 111 114 118 124
2 3 14 21 27 39 46 47 51 60 66 70 85 86 87 94 95 99 102 105 121 124
3 6 15 19 38 41 46 49 50 52 53 58 62 65 71 74 79 84 91 93 104 108 117
14 30 34 43 45 47 54 59 78 86 103 110 124
6 8 15 22 33 35 40 45 51 52 58 62 65 68 74 108 123 124
3 10 12 15 16 22 25 41 44 46 49 50 54 60 62 64 66 70 78 79 87 93 108 118
3 11 13 14 24 25 29 44 47 54 55 58 81 85 87 93 106 108 109 113 115 119 121
14 30 46 64 65 67 79 102 103 105 119 121 122 123
5 23 25 39 41 47 52 59 63 69 70 75 77 81 84 86 87 94 101 109 115 117 118 121
4 7 19 29 32 36 40 60 65 78 79 80 100 101 119 120
2 5 11 18 20 21 29 38 39 40 53 58 64 67 68 69 80 89 94 95 98 99 102 107 110 115 116 122
1 4 19 21 29 39 40 43 45 49 64 70 72 78 80 82 90 113 120
2 4 5 6 10 19 20 22 24 30 51 55 56 59 66 71 76 84 102 106 118 119 121
6 9 13 14 21 23 24 28 34 46 55 59 64 70 74 79 80 83 88 91 93 100 101 106 107 123
3 9 17 22 37 42 45 52 57 59 70 71 72 74 85 92 102 103 105 111 118 119 121
6 15 21 22 35 45 47 57 59 76 78 80 86 90 95 108 114
3 14 15 17 29 38 40 46 47 52 60 62 70 85 95 103 117 123
30 36 51 66 68 69 76 77 81 83 93 107 108 111
4 9 10 30 31 38 41 42 43 44 45 46 62 63 64 65 71 94 99 102 104 107 117
6 22 29 42 61 62 63 67 69 74 93 96 108 109 114 115 117 120
2 15 18 19 20 25 28 31 42 51 52 57 69 76 94 103 123
3 12 16 21 26 27 36 50 59 61 64 67 69 83 91 96 109
4 7 27 29 36 37 46 76 77 101 112 115
18 33 36 37 47 55 57 60 61 64 69 71 87 109 124
8 13 32 35 40 44 45 50 51 55 58 61 66 68 71 78 81 87 89 90 94 97 105 119 120 121
3 12 22 35 40 41 46 47 52 53 57 58 60 63 76 81 83 84 108 116
4 7 13 24 33 34 44 51 70 71 72 76 82 87 93 102 104 105 106 107 109 122
6 8 18 26 30 31 32 38 39 40 48 51 52 58 62 69 74 76 90 93 97 100 116
3 9 23 31 32 40 44 49 51 55 59 61 70 85 106 113 117 123
1 6 11 19 25 27 36 42 47 53 55 56 62 67 71 73 80 83 85 91 93 97 102 105 109 112 113 123
1 2 10 17 19 20 36 41 42 44 49 58 68 77 81 105 109 110 111 116 120
2 3 13 18 19 20 25 33 34 36 37 53 59 64 69 73 77 88 103 107 108 109 121
4 11 14 17 27 34 39 44 46 55 67 69 119 120 123
2 23 27 28 29 38 39 44 49 53 64 72 73 75 87 88 94 96 100 105 106 121 123 124
12 20 27 47 50 53 55 72 73 90 107 111 119
9 14 15 27 33 35 37 39 41 42 45 62 63 71 72 75 79 89 95 101 105 106 111 117 120
2 12 13 20 23 24 27 33 44 47 48 55 56 59 60 61 71 83 90 93 96 113 115
3 10 11 14 16 22 25 27 31 34 41 59 60 62 63 65 68 77 79 81 82 94 97 98 101 117 118 124
10 12 15 17 24 25 32 34 38 43 45 58 62 63 67 69 70 74 90 91 95 97 109 112
36 45 58 63 68 74 77 79 80 87 95 106 111 121
3 6 11 14 20 37 39 42 50 52 64 65 68 71 78 79 92 100 113
6 11 14 30 33 43 49 58 63 65 67 70 83 89 99 105 108 113 119 120
10 13 21 26 29 33 35 36 37 52 63 64 67 70 71 89 99 100 104 124
5 11 13 17 23 25 29 34 36 49 51 53 57 82 84 92 99 108 114 122
11 19 34 38 40 42 43 52 55 59 63 68 74 78 91 95 99 101 106 114 116
8 12 14 15 57 58 63 65 67 73 76 80 84 85 86 87 88 101 106 108 111 115 124
4 6 7 15 21 22 32 33 37 38 41 43 45 53 63 65 66 82 88 92 100 102 104 111 112 115 120 121
2 3 8 9 21 38 45 58 67 84 88 90 96 102 108 117
1 23 24 29 32 34 52 54 59 62 75 77 78 80 81 86 90 92 98 101 114 115 124
11 13 15 19 33 34 36 39 47 48 50 54 56 71 73 80 81 85 89 91 93 113
3 12 17 21 22 23 24 30 37 40 45 46 53 57 68 72 88 90 93 95 100 103 107 109
6 10 14 18 25 32 34 45 46 86 89 98 99 100 102 118 124
2 6 28 30 32 33 37 45 72 76 89 95 99 113 116 117
2 11 13 14 25 27 28 36 38 44 46 47 57 64 83 85 94 104 105 116 123
4 5 7 8 17 27 28 34 44 46 47 48 50 51 53 54 55 69 70 75 76 83 85 88 92 100 104 108 121 122
2 5 14 16 19 20 22 27 30 32 40 42 49 51 62 80 83 86 89 94 95 97 101 105 113 116 121
6 11 13 16 18 27 46 49 50 54 55 76 84 88 96 99 102 109 111 113 117 118
3 10 14 21 26 33 55 67 68 77 80 88 92 96 98 99 102 104 105 107 108 113 114 122 123
6 16 19 28 30 38 41 47 50 51 54 56 66 71 72 76 88 94 114 120
2 13 19 26 33 39 46 48 49 53 59 66 70 84 91 96 98 100 102 103 104 110 112 115
3 4 17 19 26 28 29 30 32 36 40 41 47 63 73 78 91 93 94 97 102 111 118 119 120 121 123 124
3 5 10 14 17 20 22 23 25 35 37 47 50 51 63 68 84 101 105 108 113 118
8 9 11 21 23 27 32 33 35 38 44 45 49 51 58 67 72 78 79 87 90 93 98 100 105 116
7 20 23 35 42 43 44 59 61 67 71 79 84 87 90 92 94 106 110 112
5 38 40 42 43 54 58 69 79 86 100 110 111 119 120
2 4 11 13 22 23 28 36 47 48 53 78 81 82 91 92 98 99 101 110 119
17 42 44 57 63 82 85 86 92 95 96 97 98
5 7 9 21 24 26 29 31 34 35 36 54 61 63 65 67 81 83 89 90 95 101 113
1 17 26 31 39 40 46 48 57 66 80 84 94 96 99 101 103 112 115 124
12 14 18 20 24 33 49 53 57 69 71 74 90 91 95 97 99 119 121
1 2 9 11 14 16 18 22 44 46 48 49 71 72 73 99 100 103 107 109 115 120
5 18 19 20 22 24 38 48 54 57 58 64 66 77 98 106 115 122
1 9 15 17 26 33 34 39 46 57 58 74 76 111 119 121 122
2 7 20 35 46 52 55 74 75 83 94 98 111 115 116 124
2 4 7 8 22 26 30 34 38 45 50 62 63 64 76 82 85 92 95 106 113 117 118 123
1 2 9 11 17 21 34 52 54 56 65 68 70 72 77 96 118
10 15 23 25 37 38 54 58 62 63 75 83 87 90 91 100 102 110 117 121
10 12 17 24 54 57 60 64 73 75 88 91 93 94 112 117
4 6 8 9 10 14 15 17 32 33 35 42 48 54 71 72 85 96 123
22 40 42 54 55 56 59 63 65 66 67 86 92 104 106 120 123
5 19 33 44 50 51 58 60 61 64 76 98 101 102 109 112 113 121
20 24 33 36 43 45 47 56 57 59 71 72 76 78 85 94 101 111 112 113 114 118
1 5 6 9 11 22 30 38 47 53 58 68 69 74 78 85 86 101 110 116
23 49 52 55 57 63 66 72 74 75 83 88 93 94 103 104 106 110 111 116 120
11 14 15 22 26 28 35 36 38 45 58 59 69 71 86 92 98 102 106 116 117 119 123
1 10 17 19 27 29 33 42 46 62 64 67 69 72 77 82 86 90 92 99 106 108 112 113 118 121 123 124
4 5 8 10 19 24 25 44 47 48 53 59 61 64 75 76 78 83 101 104 116 124
3 28 30 42 45 56 65 66 68 75 77 84 87 100 101 108 117
1 33 36 38 46 47 64 69 75 78 109 111 112 124
3 19 46 57 60 66 68 71 74 75 80 82 89 93 105 110 122
2 4 10 19 27 50 51 52 53 60 61 65 66 74 77 78 79 94 105 113 114 119
8 18 22 36 42 49 51 55 59 60 63 68 71 73 79 85 96 101 112 113 117
17 18 22 31 44 46 53 54 57 64 70 74 76 77 89 90 91 95 96 100 109
3 8 9 10 16 19 21 23 27 35 38 55 56 60 65 66 68 69 85 89 93 104 106 121
8 12 16 23 25 29 40 59 68 77 79 92 108 109 110 118 123
1 2 11 27 35 51 55 62 63 66 68 88 92 95 102 109 113 119
7 8 10 16 23 33 35 38 39 42 44 50 62 64 66 70 71 98 99 109 116
5 8 15 21 22 35 37 42 44 48 53 54 72 80 83 88 92 93 94 102 108 122 124
6 19 22 26 27 35 40 43 59 66 79 108 116 117
3 11 13 14 15 24 26 28 34 40 50 52 54 56 63 66 70 94 96 103 106 107 120
5 6 8 15 17 28 30 32 35 38 39 40 47 59 65 79 89 97 101 103 104 105 111
4 5 12 19 39 68 72 73 74 85 91 92 98 103 115 116 122
7 9 23 26 39 43 44 48 54 55 65 69 73 81 82 90 92 97 109 115 119
1 6 31 38 47 55 68 72 77 86 89 90 94 97 100 113 117 120
8 15 20 37 38 45 49 50 58 61 64 65 66 70 76 83 89 90 94 99 100 104 112 116 118
9 24 28 52 53 57 66 67 90 99 116 123 124
2 15 17 19 28 31 45 54 55 57 68 77 79 80 82 110 111
7 19 34 36 39 53 61 62 64 71 82 91 92 93 95 105 107 110 113 114 123
3 11 17 25 27 28 37 44 46 56 61 65 83 85 86 93 96 100 107 112
7 9 14 17 21 23 46 60 65 69 70 83 84 90 94 103 113 119 124
2 5 6 15 16 18 21 23 33 41 43 50 69 73 74 78 81 93 99 104 111 118 121
6 18 20 28 33 39 41 44 50 55 67 69 73 79 88 92 108 112 122 123
2 6 7 8 10 15 16 17 21 23 33 40 42 48 55 63 64 69 78 81 85 89 94 102 119
3 5 16 19 35 52 63 66 80 81 98 106 110 120 123 124
4 5 6 8 13 16 22 25 29 37 38 41 42 62 66 69 83 87 88 93 94 103 114 116 120 122 124
5 9 10 12 13 32 42 46 51 54 57 60 69 77 82 94 95 97 106 114 118 122 123
