500 1282
28 102 162 233 360 393 460 500
79 434
165 209 257
44 202 212 279 399 441
36 93 95 146 231 304 450
8 173 246 265 302 496
170 203 215 420
6 89 246 272 302 346 465 496
256 363 462 479
34 117 161 316 447 449 481
32 277 437 478
390
20 38 143 294 358 365 473
194 228 241 359 458 468
112 130 444
106 119 140 148 405
63 229 363
252 273 305 307 376 497 499
195 242 439
13 21 38 115 122 131 294 365 396 474
20 26 38 131 211 294 358 365 396 400 471 474
71 103 252 305 307 404 416 499
116 349 397 411 442
63 165 198 332 417 432 479 480
111 239 264 356 373 469
21 38 120 131 211 396 400 471 474
77 138 192 218 446
1 153 162 233 344 345 360 460 500
44 57 166 202 399 414 422 472 486
73 109 142 160
67 91
11 268 277 437 478 494
55 67 91 278 281
10 117 161 316 449 481
163 201 381
5 95 146 191 204 226 231 304 421 450
69 205 285 368 431
13 20 21 26 131 294 358 365 396 471 474
144 189 273 376
47 143 197 206 217 298
68 84 433
48 62
260 267 364 375 394 456
4 29 202 212 399 441
76 105 401 424 451
135 194 300 314 318 468
40 143 206 217 298
42 62
159 310
54 99 188 207 320
282 477
384 388 414
56 128 150 157 196 224 324 334 367
50 99 207 378
33 371
53 128 150 157 215 270 324 334 367
29 166 399 422 467 472 486
132
342 350 352 409 454
183 335 395 418
185 331 382
42 48 137 156 239 254 448
17 24 198 332 417 432 480
97 149 212 220 225 274 441
136 172 208 249 293 381 389 435
430
31 33 91
41 84 167 190 327
37 88 287 328 343 368 431
75 407 485
22 307 416 433
98 108 190 269 296 386
30 109 142 299
87 312 329 436 455
70 155 407 444 485
45
27 138 192 218 446
124 255 323 336 427
2 238 291 311 403 434
482
309
163 201 310 338
89 145 223 237 251 272 346 361 402 490 491
41 68 301
398 480 493
127 247 355
74 329 436 455
69 287 315 328 343
8 83 111 272 346 361 373 465 469
100 227 264 377 447
31 33 67
102 125 357 393
5 95 169 231 450
98 108 180 289
5 36 93 146 191 231 357 450
322 404 473
64 212 225 274 279 419 440 441
72 94 108 190 269 296 386
50 54 207 320
90 161 227 377 447
154 174 243 278 281 443
1 92 125 290 393 500
22 252 305 404
329 379
45 451 475
16 129 133 148 313 392
141 284 286 413
72 94 98 180 301 347 348
30 73
295
25 89 239 272 346 373 465 469
15 130 444 446
178 461 495
154 214 243 248 268 275 494
20 122 211 365 474
23 349 397 411 442
10 34 161 316 447 449 481
264 369
16 148 199 200 370 464
26 131 308 362 400 471
195 240 242 269 386 439
20 115
258 338 398 493
78 323 336 427 488
92 102 169 290
230
86 179 247 355
53 56 150 157 215 270 324 334 367
106 133 148 177 313 392
15 112 434 444
20 21 26 38 120 211 365 396 400 471 474
58 151
106 129 148 177 181 280 317 392
282 285 401 424
46 300 314 318
65 172 208 249 381 435
62 145 156 237 244 251 254 361 402 448 490 491
27 77 192 446
326 433 476
16 405
107 410 413
30 73 299
13 40 47 186 206 298
39 189 226
83 137 237 244 251 254 361 402 448 490 491
5 36 95 191 204 226 231 304 421 450

16 106 119 129 133 181 317 392
64 333
53 56 128 215 334 367
132
238 291 311 403 454 498
28 236 344 345 460
101 114 174 214 243 275 281 443
75 407 444 485
62 137 237 239 251 254 361 402 448 490
53 56 128 196 224 324 334 367
297
49 310
30 493
10 34 100 117 227 316 377 447 481
1 28 233 360 393 460
35 82 201 310
234 235 425 452 484
3 24 198 257 332 417 432 479
29 57 202 399 414 422 472 486
68 190 327
209 257 341
93 125 263 290
7 203 215 420
188 276 488
65 136 208 222 249 389 435
6 265 302
101 154 243 278 281 443
304 321 366 420 467
250 353 383 412 445
129 133 317
113 245 283 372 426 461 470 495
127 247 355
94 108 348 411
133 148 205 280 317 370 392 459
466
60 335 395
212 220 232 274 408 441
61 331 359 382
143 206 298
299
50 171 320
39 144 273 376
68 72 98 167 296 327
36 95 146 204 226 231 304 421 450
27 77 138 218
340 347 348 438
14 46 248 458 468
19 121 240 242 289 439
53 157 224 324 334 367 440
40 217 303 326
24 63 165 332 417 432 480
119 200 293 389 435 464
119 199 370 464
35 82 163 310 338
4 29 44 166 399 472
7 170 215 270 279 420
36 146 191 226 231 304 421 450
37 181 280 285 317 370 431 459
40 47 143 186 298
50 54 99 410
65 136 172 249 381
3 168 257
219 245 283 288 372 426 429
21 26 115 131 400 463 471 474
4 44 64 97 184 220 225 232 274 408 441
379
114 154 243 268 275 475
7 56 128 150 170 203 270
385 415 439
40 47 197
27 77 192
210 245 283 371 372 426
64 184 212 225 232 274 408 441
457 482
172 389 435
83 361
53 157 196 261 324 334 367 419 440
64 97 212 220 274 419 441
36 144 146 191 204 421
90 100 161 316 377 447 481
14 241 359 458 468
17 315 330 363
126 388
5 36 93 95 146 191 204 304 450
184 212 220 408 441
1 28 162 360 460
164 235 289 425 484
164 234 289 425 452 484
153 344 345 477
83 137 145 156 244 251 254 361 402 448 490 491
79 152 291 311 403 498
25 62 111 156 356
121 195 242 269 289
14 228 359 458
19 121 195 240 269 289
101 114 154 174 214 443 475
137 145 237 251 254 361 402 448 490 491
178 210 219 283 288 371 372 426
6 8 302 373 465 469 496
86 127 179 355
114 194 275 468 494
65 136 172 208 293 343 389 435
176 263 383 445 492
83 137 145 156 237 244 254 361 402 448 490 491
18 22 103 305 307 404 497 499
341 391 487
62 137 145 156 237 244 251 361 402 448 490 491
78 323 336 387 405
9 363 462
3 165 168 209
123 338 398 493
353 412 489 498
43 267 351 456
224 362 440
271 295
169 250 445 492
25 90 118 356 369
6 173 302 496
313 412
43 260 351 456
32 114 214 275 277 437 494
72 98 121 240 242 386
56 128 203 215 279 324 367 419
262 295
8 83 89 111 346 361 373 465 469
18 39 189 376 499
64 97 184 212 220 225 408 441
114 154 214 248 268 494
171
11 32 268 437 478 494
33 101 174 281 371 443
4 97 203 270 419
133 181 205 317 370 392 459
33 101 154 174 278 443
51 134 459 477
178 210 219 245 288 372 426 429 483
107 286 413
37 134 205 431
107 284
69 88 315 328 343 368 431
210 245 283 470 483
94 195 234 235 240 242 484
102 125 169
79 152 238 311 403 434

65 199 249 389 435 464
13 20 21 38 358 365 396 473 474
110 262 271
72 98 190 301 386
158 374 380 428
40 47 143 186 206
73 142 187
46 135 314 318
84 108 296 347 348
6 8 173 246 265 496
197 326 476
5 36 146 175 191 204 231 421 450
18 22 103 252 307 497 499
352 387 489 498
18 22 71 252 305 416 499
120 362 400
81 351
49 82 159 163 201
79 152 238 291 403 434
74 329 455
106 129 266 412
46 135 300 318
88 229 287 328 343
10 34 117 161 227 447 449 481
133 148 177 181 205 280 370 392 459
46 135 300 314

50 99 188
175 366 420 467
96 358 473
78 124 255 336 427
53 56 128 157 196 224 270 334 367 419 440
430
139 197 303 476
68 167 190
69 88 287 315 343
74 87 104 312 436 455
229 398
61 185 382
24 63 165 198 417 432 479 480
149 364
53 56 128 150 157 196 224 324 367
60 183 395
78 124 255 323 427
351 406 453
82 123 201 258
423
193 438
168 253 487
59 350 409
69 88 249 287 315 328
28 153 236 345 460 477
28 153 236 344 460 477
8 83 89 111 272 361 373 465 469
108 193 301 348
108 180 193 301 347
23 116 397 411 442
59 342 409
260 267 309 337 406 456
59 306 454 489
176 259 383 412
390
86 127 179 247 457
25 239 264
92 95
13 21 38 294 322 365 396 473 474
14 185 228 241 461 495
1 28 162 233 393 460 500
83 89 137 145 156 223 237 244 251 254 272 346 402 448 490 491
120 261 308 364
9 17 229 256
43 333 362 456
13 20 21 38 115 131 294 358 396 474
175 321 467
53 56 128 150 157 196 224 270 324 334 419 440
37 69 287 431
118 264
119 181 200 205 280 317
55 219 245 278 372 426
178 210 219 245 283 371 426
25 89 111 246 272 346 465 469
297 380 428
43 394 456
18 39 189 273 499
90 100 161 227 447
54 430
104 213
297 374 428
35 65 136 208
61 185 331
176 250 353 412 445
52 388
216 386 415
72 98 121 269 296 385 415
255 306 489
52 230 384
65 172 199 222 249 293 435
12 354
253
106 129 133 148 181 280 317
1 92 102 162 360 500
43 375
60 183 335
20 21 26 38 131 294 358 365 471 474
23 116 349 411 442
85 123 258 330 493
4 29 44 57 166 202 422 472 486
21 26 120 131 211 308 471 474
45 134 424
83 137 145 156 237 244 251 254 361 448 490 491
79 152 238 291 311 434
22 96 103 252
16 140 255
337 351 456
70 75 155 444 485
184 212 220 232 274 441
59 342 350
141 207
23 116 180 349 397 442
176 259 266 313 353 383
107 141 284
29 52 166 422 472 486
216 385 386
22 71 307 433 438
24 63 165 198 332 432 480
60 429
97 224 225 270 279 324 367 440
7 170 175 203 321 467
36 146 191 204 226 304
29 57 166 399 414 472 486
339
45 134 401
164 234 235 452 484
178 210 219 245 283 371 372
78 124 323 336 488
297 374 380
210 283 418
66 325 378
37 69 205 285 287 368
24 63 165 198 332 417 479 480
41 71 139 416
2 79 130 291 311 403
65 136 172 199 222 249 293 389
74 87 329 455
11 32 268 277 478 494
193 340 416
19 121 195 216
97 196 224 261 324 367 419
4 44 64 97 184 212 220 225 232 274 408
23 116 349 397 411
101 154 174 243 278 281
15 75 112 130 155 407 485
176 250 263 383 492
27 77 112 138
10 90 100 117 161 227 316 377 481
62 137 145 156 237 244 251 254 361 402 490 491
10 34 117 316 481
5 36 93 95 146 191 204 231 304
45 105
164 235 425 484
337
59 152 352
74 87 312 329 436
43 260 267 351 364 375 406
221 355
14 194 228 241 468
181 205 280 282 317
1 28 153 162 233 344 345 360
113 178 359 470 495
9 256 479
211
119 199 200 293
8 89 111 246 272 346 373 469
182
57 175 321 366 420 486
14 46 194 228 248 458
25 89 111 246 272 346 373 465
178 288 461 483 495
21 26 38 120 131 211 396 400 474
29 57 166 202 399 414 422 486
13 96 294 322 358
20 21 26 38 115 131 211 294 358 365 396 400 471
105 214 243
139 303 326
51 236 282 344 345
11 32 277 437
9 24 165 332 432 462
24 63 85 198 332 417 432
10 34 117 161 227 316 447 449
80 221
283 288 470
164 234 235 289 425 452
70 75 155 407 444
29 57 166 399 414 422 467 472
253 341
124 171 427
259 306 352 387 498
83 137 145 156 237 244 251 254 361 402 448 491
83 137 145 237 244 251 254 361 402 448 490
250 263 445
85 123 160 258 398
32 114 248 268 275 277 437
113 178 359 461 470
6 8 246 265 302
18 252 305 499
152 238 259 306 489
18 22 252 273 305 307 376 497
1 28 102 360 393
